Begin: Initializing                            Current time: Mon Oct 27 15:38:20 2025      
  End: Initializing                            Current time: Mon Oct 27 15:38:20 2025      Time elapsed: 0.18466s
    layer_id    name         D    M     N         Q      alpha  alpha_weighted   entropy  has_esd  lambda_max layer_type  log_alpha_norm  log_norm  log_spectral_norm            longname  matrix_rank        norm  num_evals  num_pl_spikes  rank_loss  rf     sigma  spectral_norm  stable_rank   status    sv_max    sv_min        warning  weak_rank_loss       xmax      xmin
0          3  Conv2d  0.090314   19    32  1.684211   7.391581       -1.590839  0.939918     True    0.609224     conv2d       -0.980696  1.494527          -0.215223     conv_stem.net.0          171   31.226738        171             23          0   9  1.332737       0.609224    51.256588  success  0.780528  0.125749  under-trained               0   0.609224  0.381674
1          6  Conv2d  0.150459   32    64  2.000000   4.182637       -1.037590  0.956018     True    0.564845     conv2d        0.417810  1.778815          -0.248071     conv_stem.net.3          288   60.091832        288             85          0   9  0.345205       0.564845   106.386446  success  0.751562  0.178926                              0   0.564845  0.288001
2          9  Conv2d  0.157217   64   256  4.000000  10.394116        9.235405  0.967853     True    7.736106     conv2d        9.699324  2.356687           0.888522                proj           64  227.345791         64              9          0   1  3.131372       7.736106    29.387628  success  2.781386  0.477493  under-trained               0   7.736106  5.972004
3         14  Linear  0.042212  256   768  3.000000   1.881515        2.696327  0.817157     True   27.105752      dense        3.044225  2.382082           1.433061        blocks.0.qkv          256  241.036186        256            177          0   1  0.066259      27.105752     8.892437  success  5.206319  0.247702   over-trained               0  27.105752  0.210449
4         15  Linear  0.026729  256   256  1.000000   2.174483        2.035489  0.754529     True    8.631364      dense        2.327786  1.803622           0.936079   blocks.0.out_proj          256   63.624219        256             74          0   1  0.136531       8.631364     7.371282  success  2.937918  0.002376                              0   8.631364  0.179454
5         22  Linear  0.043850  256  1024  4.000000   2.127746        1.742103  0.905281     True    6.588027      dense        2.699318  2.311434           0.818755  blocks.0.ffn.net.0          256  204.848843        256            163          0   1  0.088332       6.588027    31.094113  success  2.566715  0.340884                              0   6.588027  0.331111
6         25  Linear  0.025022  256  1024  4.000000   2.664120        2.556193  0.915034     True    9.109377      dense        2.917693  2.221279           0.959489  blocks.0.ffn.net.3          256  166.448152        256            108          0   1  0.160130       9.109377    18.272178  success  3.018174  0.336237                              0   9.109377  0.489502
7         29  Linear  0.040093  256   768  3.000000   1.930841        2.385098  0.829100     True   17.189509      dense        2.973930  2.360562           1.235263        blocks.1.qkv          256  229.383412        256            164          0   1  0.072687      17.189509    13.344384  success  4.146023  0.250820   over-trained               0  17.189509  0.238969
8         30  Linear  0.033210  256   256  1.000000   2.220568        2.422871  0.740720     True   12.334007      dense        2.514611  1.785926           1.091104   blocks.1.out_proj          256   61.083734        256             74          0   1  0.141888      12.334007     4.952465  success  3.511980  0.000372                              1  12.334007  0.173175
9         37  Linear  0.048606  256  1024  4.000000   2.105219        1.666918  0.907610     True    6.191595      dense        2.670954  2.311979           0.791803  blocks.1.ffn.net.0          256  205.106535        256            166          0   1  0.085782       6.191595    33.126607  success  2.488292  0.344872                              0   6.191595  0.321951
10        40  Linear  0.027264  256  1024  4.000000   2.654127        2.435217  0.914608     True    8.270292      dense        2.899854  2.225844           0.917521  blocks.1.ffn.net.3          256  168.207120        256            100          0   1  0.165413       8.270292    20.338716  success  2.875812  0.327211                              0   8.270292  0.519327
11        44  Linear  0.043314  256   768  3.000000   1.906542        2.661785  0.820826     True   24.896151      dense        3.036036  2.371873           1.396132        blocks.2.qkv          256  235.436189        256            168          0   1  0.069941      24.896151     9.456730  success  4.989604  0.260713   over-trained               0  24.896151  0.228454
12        45  Linear  0.037505  256   256  1.000000   2.071503        2.000171  0.745264     True    9.237732      dense        2.336864  1.833124           0.965565   blocks.2.out_proj          256   68.096338        256             88          0   1  0.114223       9.237732     7.371543  success  3.039364  0.000882                              1   9.237732  0.146013
13        52  Linear  0.053173  256  1024  4.000000   2.073989        1.689533  0.906459     True    6.525733      dense        2.680605  2.322793           0.814629  blocks.2.ffn.net.0          256  210.277357        256            175          0   1  0.081186       6.525733    32.222794  success  2.554551  0.338670                              0   6.525733  0.304712
14        55  Linear  0.026288  256  1024  4.000000   2.631480        2.367432  0.913827     True    7.937025      dense        2.889460  2.230386           0.899658  blocks.2.ffn.net.3          256  169.975331        256            109          0   1  0.156267       7.937025    21.415496  success  2.817273  0.339761                              0   7.937025  0.493734
15        59  Linear  0.037890  256   768  3.000000   1.961476        2.664396  0.818431     True   22.822481      dense        3.071056  2.355815           1.358363        blocks.3.qkv          256  226.889908        256            161          0   1  0.075775      22.822481     9.941510  success  4.777288  0.256296   over-trained               0  22.822481  0.245494
16        60  Linear  0.040097  256   256  1.000000   2.130810        2.045975  0.751655     True    9.124029      dense        2.313413  1.804873           0.960187   blocks.3.out_proj          256   63.807624        256             81          0   1  0.125646       9.124029     6.993361  success  3.020601  0.002201                              0   9.124029  0.158819
17        67  Linear  0.052238  256  1024  4.000000   2.046953        1.761329  0.902192     True    7.252100      dense        2.718482  2.339064           0.860464  blocks.3.ffn.net.0          256  218.305192        256            180          0   1  0.078035       7.252100    30.102340  success  2.692972  0.333348                              0   7.252100  0.295731
18        70  Linear  0.023644  256  1024  4.000000   2.618928        2.408923  0.909645     True    8.314049      dense        2.946116  2.240596           0.919813  blocks.3.ffn.net.3          256  174.018905        256            104          0   1  0.158749       8.314049    20.930704  success  2.883409  0.329844                              0   8.314049  0.512435
19        74  Linear  0.038675  256   768  3.000000   1.935223        2.644027  0.820925     True   23.241551      dense        3.046232  2.366848           1.366265        blocks.4.qkv          256  232.727695        256            161          0   1  0.073706      23.241551    10.013432  success  4.820949  0.256362   over-trained               0  23.241551  0.243976
20        75  Linear  0.033284  256   256  1.000000   2.077622        1.959740  0.745265     True    8.775281      dense        2.330903  1.838000           0.943261   blocks.4.out_proj          256   68.865211        256             86          0   1  0.116203       8.775281     7.847636  success  2.962310  0.001293                              0   8.775281  0.151075
21        82  Linear  0.055748  256  1024  4.000000   2.043164        1.780407  0.903172     True    7.436990      dense        2.706370  2.336731           0.871397  blocks.4.ffn.net.0          256  217.135448        256            175          0   1  0.078856       7.436990    29.196684  success  2.727085  0.343631                              0   7.436990  0.302879
22        85  Linear  0.024684  256  1024  4.000000   2.609286        2.337588  0.911193     True    7.868150      dense        2.910268  2.238245           0.895873  blocks.4.ffn.net.3          256  173.079076        256            106          0   1  0.156308       7.868150    21.997431  success  2.805022  0.339417                              0   7.868150  0.502713
23        89  Linear  0.038594  256   768  3.000000   1.927487        2.530201  0.820977     True   20.544424      dense        3.036182  2.371266           1.312694        blocks.5.qkv          256  235.107181        256            156          0   1  0.074258      20.544424    11.443844  success  4.532596  0.250155   over-trained               0  20.544424  0.253599
24        90  Linear  0.038174  256   256  1.000000   2.090869        1.920231  0.744667     True    8.286838      dense        2.321219  1.830943           0.918389   blocks.5.out_proj          256   67.755269        256             74          0   1  0.126811       8.286838     8.176251  success  2.878687  0.000373                              1   8.286838  0.173123
25        97  Linear  0.056229  256  1024  4.000000   2.021540        1.787851  0.900122     True    7.663028      dense        2.736135  2.353131           0.884400  blocks.5.ffn.net.0          256  225.492135        256            180          0   1  0.076141       7.663028    29.425983  success  2.768217  0.344319                              0   7.663028  0.295261
26       100  Linear  0.030161  256  1024  4.000000   2.539090        2.315869  0.901588     True    8.167447      dense        2.980960  2.256205           0.912086  blocks.5.ffn.net.3          256  180.386749        256            112          0   1  0.145430       8.167447    22.086064  success  2.857874  0.335804                              0   8.167447  0.480712
27       104  Linear  0.039661  256   768  3.000000   1.924336        2.693460  0.814690     True   25.100502      dense        3.085409  2.378703           1.399682        blocks.6.qkv          256  239.167859        256            159          0   1  0.073305      25.100502     9.528409  success  5.010040  0.249629   over-trained               0  25.100502  0.247805
28       105  Linear  0.038550  256   256  1.000000   2.071892        1.847064  0.740355     True    7.789086      dense        2.343812  1.848324           0.891486   blocks.6.out_proj          256   70.521911        256             85          0   1  0.116263       7.789086     9.053939  success  2.790893  0.000929                              1   7.789086  0.152175
29       112  Linear  0.054186  256  1024  4.000000   2.003693        1.723939  0.897972     True    7.250715      dense        2.746036  2.359503           0.860381  blocks.6.ffn.net.0          256  228.824628        256            184          0   1  0.073993       7.250715    31.558904  success  2.692715  0.328932                              0   7.250715  0.285444
30       115  Linear  0.036206  256  1024  4.000000   2.511031        2.290516  0.899009     True    8.169238      dense        2.965891  2.255230           0.912182  blocks.6.ffn.net.3          256  179.982351        256            119          0   1  0.138516       8.169238    22.031718  success  2.858188  0.336719                              0   8.169238  0.450994
31       119  Linear  0.036013  256   768  3.000000   1.943436        2.545085  0.824948     True   20.397642      dense        3.032855  2.369412           1.309580        blocks.7.qkv          256  234.105467        256            156          0   1  0.075535      20.397642    11.477085  success  4.516375  0.248100   over-trained               0  20.397642  0.260386
32       120  Linear  0.041822  256   256  1.000000   2.075074        2.057035  0.732437     True    9.801816      dense        2.389482  1.841514           0.991307   blocks.7.out_proj          256   69.424767        256             84          0   1  0.117300       9.801816     7.082848  success  3.130785  0.001962                              0   9.801816  0.149975
33       127  Linear  0.055931  256  1024  4.000000   1.988358        1.726748  0.895322     True    7.386339      dense        2.773773  2.373752           0.868429  blocks.7.ffn.net.0          256  236.457119        256            182          0   1  0.073262       7.386339    32.012761  success  2.717782  0.342176   over-trained               0   7.386339  0.290106
34       130  Linear  0.034779  256  1024  4.000000   2.467712        2.376117  0.889771     True    9.180846      dense        3.039704  2.277360           0.962883  blocks.7.ffn.net.3          256  189.391413        256            125          0   1  0.131276       9.180846    20.628971  success  3.029991  0.336288                              0   9.180846  0.440170
35       134  Linear  0.039139  256   768  3.000000   1.908146        2.448549  0.824852     True   19.195894      dense        3.015564  2.385614           1.283208        blocks.8.qkv          256  243.004335        256            164          0   1  0.070914      19.195894    12.659183  success  4.381312  0.258313   over-trained               0  19.195894  0.242520
36       135  Linear  0.042989  256   256  1.000000   2.018432        2.097489  0.710140     True   10.943783      dense        2.484693  1.886720           1.039167   blocks.8.out_proj          256   77.040705        256             92          0   1  0.106179      10.943783     7.039678  success  3.308139  0.001242                              0  10.943783  0.132867
37       142  Linear  0.051006  256  1024  4.000000   1.966204        1.801682  0.887981     True    8.247551      dense        2.840024  2.400811           0.916325  blocks.8.ffn.net.0          256  251.658100        256            187          0   1  0.070656       8.247551    30.513070  success  2.871855  0.339469   over-trained               0   8.247551  0.284961
38       145  Linear  0.047175  256  1024  4.000000   2.306428        2.357679  0.870497     True   10.524977      dense        3.091284  2.311425           1.022221  blocks.8.ffn.net.3          256  204.844713        256            151          0   1  0.106316      10.524977    19.462723  success  3.244222  0.333682                              0  10.524977  0.360093
39       149  Linear  0.039183  256   768  3.000000   1.913355        2.443877  0.819481     True   18.935341      dense        3.064559  2.403907           1.277273        blocks.9.qkv          256  253.458697        256            160          0   1  0.072207      18.935341    13.385484  success  4.351476  0.256944   over-trained               0  18.935341  0.255568
40       150  Linear  0.049486  256   256  1.000000   1.960817        2.105377  0.716041     True   11.850170      dense        2.437290  1.901953           1.073725   blocks.9.out_proj          256   79.790890        256             97          0   1  0.097556      11.850170     6.733312  success  3.442408  0.000238   over-trained               1  11.850170  0.123479
41       157  Linear  0.048544  256  1024  4.000000   1.933590        1.922216  0.879185     True    9.865466      dense        2.904563  2.428882           0.994118  blocks.9.ffn.net.0          256  268.461573        256            189          0   1  0.067909       9.865466    27.212255  success  3.140934  0.342373   over-trained               0   9.865466  0.279132
42       160  Linear  0.054898  256  1024  4.000000   2.245674        2.424710  0.852172     True   12.015035      dense        3.185321  2.349492           1.079725  blocks.9.ffn.net.3          256  223.610261        256            157          0   1  0.099416      12.015035    18.610870  success  3.466271  0.341506                              0  12.015035  0.344048
43       165  Linear  0.045137  128   256  2.000000   1.799233        1.679371  0.712203     True    8.577915      dense        2.271331  1.821951           0.933382          src_head.0          128   66.366781        128             77          0   1  0.091081       8.577915     7.736936  success  2.928808  0.103318   over-trained               0   8.577915  0.087560
44       167  Linear  0.095782   64   128  2.000000   1.975689        0.134563  0.834493     True    1.169794      dense        0.726012  1.022010           0.068109          src_head.2           64   10.519853         64             31          0   1  0.175239       1.169794     8.992909  success  1.081570  0.086675   over-trained               0   1.169794  0.077382
45       169  Linear  0.051807  256   256  1.000000   1.629810        2.030898  0.716666     True   17.623608      dense        2.643709  2.211203           1.246095         dest_head.0          256  162.630846        256            132          0   1  0.054818      17.623608     9.228011  success  4.198048  0.000150   over-trained               1  17.623608  0.086613
46       171  Linear  0.123880   73   256  3.506849   2.689315        1.656240  0.870386     True    4.129139      dense        2.164658  1.687019           0.615859         dest_head.2           73   48.642855         73             19          0   1  0.387555       4.129139    11.780388  success  2.032028  0.209486                              0   4.129139  0.885523
47       173  Conv2d  0.043255  256   256  1.000000   4.102010        0.913395  0.924240     True    1.669822     conv2d        1.587084  2.447198           0.222670        value_conv.0         2304  280.025635       2304            260          0   9  0.192378       1.669822   167.697907  success  1.292216  0.002504                              9   1.669822  0.288190
48       177  Linear  0.058380  128   256  2.000000   2.796289        1.080073  0.874016     True    2.433618      dense        1.149242  1.258937           0.386252         value_mlp.0          128   18.152509        128             41          0   1  0.280533       2.433618     7.459063  success  1.560006  0.104142                              0   2.433618  0.139017
49       181  Linear  0.152888  128   256  2.000000   4.546111       -2.367123  0.947808     True    0.301514      dense       -1.408151  1.124584          -0.520692      outcome_head.0          128   13.322459        128             32          0   1  0.626870       0.301514    44.185150  success  0.549103  0.097835                              0   0.301514  0.157733
